0.883449 224
1.754851 1
0.104460 1
0.143959 1
0.319937 1
0.680117 2
0.015180 61
0.001165 2430
4.959843 48
0.000063 24
0.311611 73
0.120497 25
0.000053 48
0.047445 25
0.000061 48
0.240094 31
0.001732 623
0.000407 23
0.557774 46
0.151843 264
2.048062 93
0.112182 25
0.000036 24
0.000049 24
0.167097 24
0.000050 55
0.216338 25
0.000088 24
0.000052 24
0.352347 25
0.000115 24
0.000081 24
0.111439 25
0.000116 24
0.000080 24
0.071492 49
0.000019 24
0.175910 73
0.208142 26
0.000048 25
0.000021 25
0.088317 26
0.000070 50
0.111855 26
0.000136 25
0.000071 25
0.200128 26
0.000172 25
0.000357 25
0.263387 28
0.002291 39
0.000069 50
0.501543 31
0.000988 59
0.000120 38
0.000997 89
0.957746 24
0.000057 24
0.417469 257
1.446555 69
0.000067 24
0.151803 25
0.000174 24
0.000136 24
0.239700 25
0.000057 24
0.000028 24
0.063916 25
0.000169 24
0.000128 24
0.063447 25
0.000049 48
0.208238 25
0.000066 48
0.007923 25
0.000053 48
0.183768 25
0.000074 48
0.376116 48
0.000068 48
0.143690 96
0.280229 25
0.000067 48
0.103606 73
0.104254 26
0.000164 25
0.000137 25
0.399696 25
0.000255 58
0.943669 26
0.000069 25
0.000015 25
0.024031 26
0.000072 50
0.103930 26
0.000069 50
0.200061 26
0.000219 25
0.000040 25
0.079523 26
0.000062 25
0.000028 25
0.247993 31
0.013097 1041
0.000122 24
0.250471 122
1.167896 12
0.011205 26
0.036612 12
0.010442 26
0.029895 6
0.000018 6
0.011267 26
0.052534 6
0.000125 6
0.011213 26
0.789130 6
0.000113 6
0.011196 26
0.092348 12
0.010619 28
0.133172 7
0.000099 7
0.011296 28
0.157172 14
0.011290 28
0.076535 14
0.011206 28
0.173015 14
0.011201 28
0.420857 14
0.011278 28
0.156592 7
0.000108 7
0.011262 28
0.100058 14
0.010561 28
0.141769 14
0.010497 28
0.109301 7
0.000060 7
0.010402 28
0.622049 14
0.011210 32
0.529285 62
2.339919 6
0.000027 6
0.011273 26
0.083986 6
0.000036 6
0.011200 26
0.124573 6
0.000028 6
0.010216 26
0.158089 12
0.011220 26
0.084725 12
0.011170 26
0.164935 6
0.000067 6
0.011216 28
0.404349 14
0.011306 28
0.124351 7
0.000035 7
0.010490 28
0.173930 7
0.000124 7
0.011142 28
0.156916 7
0.000060 7
0.011508 28
0.092222 7
0.000034 7
0.011185 28
0.253477 14
0.011152 28
0.371916 14
0.010334 28
0.285836 7
0.000057 7
0.010159 28
0.037820 14
0.011396 28
0.084629 14
0.011408 28
0.132807 14
0.011348 28
0.308928 14
0.011298 28
0.100448 14
0.011339 28
0.132617 14
0.011221 28
0.228556 14
0.010192 28
0.414009 7
0.000053 7
0.011312 28
0.532649 7
0.000063 7
0.011390 27
0.180356 7
0.000028 7
0.011227 24
0.348560 14
0.011456 28
0.181178 7
0.000126 7
0.011181 28
0.236299 14
0.011292 28
0.044531 14
0.011394 28
0.196387 14
0.011170 28
0.084798 14
0.010728 28
0.085618 7
0.000049 7
0.011488 28
0.932703 7
0.000088 7
0.011343 28
0.171929 14
0.010568 28
0.069777 7
0.000026 7
0.011310 28
0.092941 14
0.011260 28
1.020834 14
0.011506 28
0.124479 14
0.011379 28
0.188340 14
0.010550 28
0.549521 7
0.000194 7
0.011079 32
0.871209 12
0.013853 101
1.615663 7
0.000137 7
0.011410 28
0.276402 14
0.011270 28
0.100489 7
0.000082 7
0.010351 28
0.301730 14
0.011306 28
0.220989 14
0.011272 28
0.156196 14
0.011309 30
0.317017 8
0.000075 8
0.011226 30
0.140642 8
0.000054 8
0.011228 30
0.036635 16
0.011243 30
0.181208 16
0.011290 30
0.116421 8
0.000028 8
0.011223 30
0.108224 16
0.010574 30
0.549909 16
0.010281 30
0.573880 8
0.000038 8
0.011303 30
0.500597 8
0.000056 8
0.011237 30
0.092366 8
0.000053 8
0.010339 30
0.109515 8
0.000088 8
0.011238 30
0.116920 16
0.011383 30
0.172466 8
0.000087 8
0.010322 30
0.044992 8
0.000091 8
0.010595 30
0.278069 16
0.010295 30
0.109641 16
0.011368 30
0.628737 8
0.000112 8
0.011236 30
0.356574 16
0.011540 30
0.276561 16
0.011354 30
0.140601 8
0.000064 8
0.011221 30
0.092589 16
0.011428 30
0.252547 16
0.010378 30
0.133787 16
0.011345 30
0.204402 8
0.000116 8
0.011267 30
0.173173 8
0.000090 8
0.010663 30
0.197171 16
0.011308 30
0.588281 16
0.011364 30
0.476792 16
0.011203 30
0.204508 8
0.000070 8
0.011240 30
0.156827 16
0.011307 30
0.708282 16
0.010369 30
0.093464 16
0.011236 30
0.245452 16
0.011477 30
0.356451 16
0.011481 30
0.100436 16
0.011243 30
0.300619 16
0.010607 30
0.573707 16
0.011363 30
0.036487 16
0.010447 26
0.053474 8
0.000133 8
0.011553 30
1.012539 16
0.011626 30
0.428460 16
0.011689 30
0.196070 16
0.011348 30
0.180304 16
0.011372 30
0.157001 16
0.011374 30
0.156535 16
0.010581 30
0.101428 16
0.010433 30
0.109621 8
0.000027 8
0.010615 30
0.317474 16
0.011334 30
0.108508 16
0.011604 30
0.284146 8
0.000029 8
0.011337 30
0.157604 16
0.011401 30
0.611902 8
0.000029 8
0.011269 35
0.017015 464
3.987664 7
0.000031 7
0.011460 28
0.228220 7
0.000036 7
0.011247 28
0.172893 7
0.000062 7
0.010583 28
0.156985 14
0.010509 28
0.117625 14
0.010472 28
0.197731 7
0.000089 7
0.011304 30
0.044310 16
0.010591 30
0.189633 16
0.010245 30
0.181731 16
0.011256 30
0.436596 16
0.011481 30
0.124415 8
0.000019 8
0.011259 30
0.437130 16
0.010554 30
0.325271 16
0.011475 30
0.077188 16
0.011001 30
0.043891 16
0.010516 30
0.133534 16
0.010409 30
0.198271 16
0.011260 30
0.068098 16
0.010412 30
0.357894 8
0.000144 8
0.011296 30
0.180970 8
0.000024 8
0.011270 30
0.212389 16
0.010471 30
0.133625 8
0.000059 8
0.011307 30
0.172203 16
0.011384 30
0.061024 8
0.000103 8
0.011255 30
0.140559 16
0.011316 30
0.356882 8
0.000090 8
0.011411 30
0.236066 16
0.011174 30
0.068544 16
0.010496 30
0.133656 8
0.000023 8
0.011263 30
0.341375 16
0.011358 30
0.052319 8
0.000056 8
0.011282 30
0.108647 8
0.000058 8
0.011430 30
0.068586 8
0.000058 8
0.010549 30
0.637641 16
0.011327 30
0.684552 8
0.000114 8
0.011284 30
0.108407 16
0.011319 30
0.316914 16
0.010486 30
0.757012 8
0.000073 8
0.010655 30
0.213495 16
0.011216 30
0.740288 8
0.000189 8
0.011306 30
0.797093 16
0.011391 26
0.252489 8
0.000055 8
0.011523 30
0.212618 8
0.000027 8
0.011452 30
0.540345 8
0.000066 8
0.011217 30
0.188781 16
0.011304 30
0.212486 16
0.010544 30
0.037319 8
0.000076 8
0.011205 30
0.108430 16
0.010633 30
0.181617 16
0.010563 30
0.581894 8
0.000034 8
0.010612 30
0.501203 16
0.011341 30
0.229549 16
0.011366 30
0.347754 16
0.010508 30
0.261433 8
0.000026 8
0.011330 30
0.164531 8
0.000050 8
0.011392 30
0.172729 8
0.000037 8
0.011272 30
0.124815 8
0.000065 8
0.011250 30
0.180476 16
0.011263 30
0.076587 8
0.000081 8
0.011355 30
0.196625 8
0.000029 8
0.011284 30
0.678693 16
0.011578 799
0.011289 742
1.775208 14
0.010503 28
0.189522 7
0.000102 7
0.011314 28
0.188419 14
0.011359 28
0.180590 14
0.010212 28
0.221781 7
0.000047 7
0.011240 28
0.092404 14
0.011308 30
0.340849 8
0.000041 8
0.011310 30
0.156875 8
0.000093 8
0.011483 30
0.236427 8
0.000130 8
0.011095 30
0.084745 8
0.000056 8
0.011263 30
0.300527 16
0.010734 30
0.269310 8
0.000087 8
0.011368 30
0.229089 8
0.000054 8
0.011224 30
0.276033 16
0.010372 30
0.101336 8
0.000079 8
0.010602 30
0.381807 8
0.000066 8
0.011187 30
0.389405 16
0.011327 30
0.476389 8
0.000123 8
0.011303 30
0.084413 16
0.011334 30
0.652714 16
0.011464 30
0.156255 8
0.000053 8
0.011332 30
0.292895 16
0.011398 30
0.316414 8
0.000067 8
0.011196 30
0.148156 8
0.000147 8
0.010502 30
0.245952 16
0.011216 30
0.220539 16
0.011347 30
0.084494 16
0.010616 30
0.125497 16
0.011295 30
0.148948 16
0.010508 30
0.212925 16
0.011392 30
0.148658 8
0.000039 8
0.011396 30
0.084858 8
0.000032 8
0.011360 30
0.188811 16
0.011335 30
0.212588 8
0.000150 8
0.011359 30
0.100494 16
0.011296 30
0.084323 16
0.010762 30
0.149822 16
0.011318 30
0.132520 8
0.000057 8
0.011313 30
0.108121 16
0.010452 30
0.045679 8
0.000059 8
0.011244 30
0.108783 8
0.000046 8
0.011253 30
0.421136 16
0.011608 30
0.067813 16
0.011168 30
0.357282 16
0.011348 30
0.780946 8
0.000061 8
0.011227 30
0.308550 8
0.000198 8
0.011244 30
0.564222 8
0.000052 8
0.011483 30
0.204521 8
0.000037 8
0.010305 30
0.157478 8
0.000024 8
0.011299 30
0.077489 16
0.011350 30
0.100058 8
0.000036 8
0.011362 30
0.036333 8
0.000027 8
0.011328 30
0.436676 16
0.010682 30
0.205321 16
0.010632 30
0.157771 8
0.000054 8
0.011435 30
0.172742 8
0.000095 8
0.011349 30
0.148315 16
0.011468 30
0.156728 16
0.011418 30
0.092277 16
0.011450 30
0.124482 8
0.000083 8
0.011380 30
0.268735 8
0.000060 8
0.011262 30
0.388833 8
0.000088 8
0.007681 8
0.000057 8
0.003900 1024
0.014818 837
2.437192 14
0.012202 714
0.010893 14
0.010749 781
0.646073 42
0.002018 1242
0.007194 23
1.902743 52
0.000058 24
0.159777 25
0.000234 24
0.000074 24
0.231529 31
0.000070 158
0.904395 93
0.119686 25
0.000055 48
0.263918 25
0.000113 24
0.000026 24
0.279663 31
0.001434 80
0.271931 204
0.000035 20
0.855032 4
0.000191 2
